Ray endpoint 1: lat. (deg. N), long. (deg. E), height (km)
  34.00   3.00   111.00
Ray endpoint 2: lat. (deg. N), long. (deg. E), height (km)
  45.00   6.00  1000.00
zenith angle (deg.) and azimuth (N over E to S, deg.) of ray at endpoint 1 
  62.51   9.12
S10.7, R12, month, UT:  244.9, 200.0, 12, 12.0

Electron contents along ray.
  (h1-h2) means from point in height h1 to point in height h2 (heights in km)
 s: coordinate along ray
 r: radius (distance from center of Earth)
 
      s       r    height  lat   long   el.density
     km      km      km   deg N  deg E    m^-3
      .0  6482.2   111.0  34.00   3.00  .102130E+12
    21.6  6492.2   121.0  34.17   3.04  .157541E+12
    43.1  6502.2   131.0  34.33   3.08  .177399E+12
    64.4  6512.2   141.0  34.49   3.12  .196136E+12
    85.7  6522.2   151.0  34.66   3.15  .216023E+12
   106.8  6532.2   161.0  34.82   3.19  .239026E+12
   127.8  6542.2   171.0  34.97   3.23  .266115E+12
   148.8  6552.2   181.0  35.13   3.27  .297690E+12
   169.6  6562.2   191.0  35.29   3.31  .334945E+12
   190.3  6572.2   201.0  35.44   3.34  .382388E+12
   210.9  6582.2   211.0  35.60   3.38  .443237E+12
   231.4  6592.2   221.0  35.75   3.42  .520657E+12
   251.8  6602.2   231.0  35.90   3.45  .617818E+12
   272.1  6612.2   241.0  36.05   3.49  .737127E+12
   292.3  6622.2   251.0  36.20   3.53  .879119E+12
   312.4  6632.2   261.0  36.35   3.56  .104109E+13
   332.4  6642.2   271.0  36.50   3.60  .121573E+13
   352.3  6652.2   281.0  36.64   3.64  .139017E+13
   372.2  6662.2   291.0  36.79   3.67  .154635E+13
   391.9  6672.2   301.0  36.93   3.71  .166279E+13
   411.6  6682.2   311.0  37.07   3.75  .171995E+13
   431.2  6692.2   321.0  37.21   3.78  .172692E+13
   450.7  6702.2   331.0  37.35   3.82  .169839E+13
   470.1  6712.2   341.0  37.49   3.85  .164490E+13
   489.5  6722.2   351.0  37.63   3.89  .157328E+13
   508.7  6732.2   361.0  37.77   3.92  .148979E+13
   527.9  6742.2   371.0  37.91   3.96  .139973E+13
   547.0  6752.2   381.0  38.04   3.99  .130729E+13
   566.1  6762.2   391.0  38.18   4.03  .121561E+13
   585.0  6772.2   401.0  38.31   4.06  .112686E+13
   603.9  6782.2   411.0  38.44   4.10  .104247E+13
   622.8  6792.2   421.0  38.58   4.13  .963266E+12
   641.5  6802.2   431.0  38.71   4.17  .889652E+12
   660.2  6812.2   441.0  38.84   4.20  .821720E+12
   678.8  6822.2   451.0  38.97   4.24  .759357E+12
   697.4  6832.2   461.0  39.09   4.27  .702316E+12
   715.8  6842.2   471.0  39.22   4.30  .650273E+12
   734.3  6852.2   481.0  39.35   4.34  .602866E+12
   752.6  6862.2   491.0  39.47   4.37  .559719E+12
   770.9  6872.2   501.0  39.60   4.41  .520462E+12
   789.1  6882.2   511.0  39.72   4.44  .484738E+12
   807.3  6892.2   521.0  39.85   4.47  .452213E+12
   825.4  6902.2   531.0  39.97   4.51  .422579E+12
   843.5  6912.2   541.0  40.09   4.54  .395554E+12
   861.5  6922.2   551.0  40.21   4.57  .370879E+12
   879.4  6932.2   561.0  40.33   4.61  .348320E+12
   897.3  6942.2   571.0  40.45   4.64  .327669E+12
   915.1  6952.2   581.0  40.57   4.67  .308737E+12
   932.9  6962.2   591.0  40.69   4.71  .291356E+12
   950.6  6972.2   601.0  40.81   4.74  .275374E+12
   968.2  6982.2   611.0  40.92   4.77  .260658E+12
   985.8  6992.2   621.0  41.04   4.80  .247085E+12
  1003.4  7002.2   631.0  41.16   4.84  .234548E+12
  1020.9  7012.2   641.0  41.27   4.87  .222951E+12
  1038.3  7022.2   651.0  41.39   4.90  .212207E+12
  1055.7  7032.2   661.0  41.50   4.93  .202239E+12
  1073.1  7042.2   671.0  41.61   4.97  .192977E+12
  1090.4  7052.2   681.0  41.72   5.00  .184358E+12
  1107.6  7062.2   691.0  41.84   5.03  .176328E+12
  1124.8  7072.2   701.0  41.95   5.06  .168835E+12
  1142.0  7082.2   711.0  42.06   5.10  .161835E+12
  1159.1  7092.2   721.0  42.17   5.13  .155286E+12
  1176.1  7102.2   731.0  42.28   5.16  .149150E+12
  1193.1  7112.2   741.0  42.38   5.19  .143396E+12
  1210.1  7122.2   751.0  42.49   5.22  .137993E+12
  1227.0  7132.2   761.0  42.60   5.26  .132912E+12
  1243.9  7142.2   771.0  42.71   5.29  .128130E+12
  1260.8  7152.2   781.0  42.81   5.32  .123624E+12
  1277.5  7162.2   791.0  42.92   5.35  .119372E+12
  1294.3  7172.2   801.0  43.02   5.38  .115357E+12
  1311.0  7182.2   811.0  43.13   5.41  .111561E+12
  1327.7  7192.2   821.0  43.23   5.45  .107969E+12
  1344.3  7202.2   831.0  43.33   5.48  .104566E+12
  1360.9  7212.2   841.0  43.44   5.51  .101338E+12
  1377.4  7222.2   851.0  43.54   5.54  .982754E+11
  1393.9  7232.2   861.0  43.64   5.57  .953654E+11
  1410.4  7242.2   871.0  43.74   5.60  .925983E+11
  1426.8  7252.2   881.0  43.84   5.63  .899647E+11
  1443.2  7262.2   891.0  43.94   5.66  .874561E+11
  1459.6  7272.2   901.0  44.04   5.70  .850646E+11
  1475.9  7282.2   911.0  44.14   5.73  .827828E+11
  1492.2  7292.2   921.0  44.24   5.76  .806039E+11
  1508.4  7302.2   931.0  44.34   5.79  .785217E+11
  1524.6  7312.2   941.0  44.43   5.82  .765304E+11
  1540.8  7322.2   951.0  44.53   5.85  .746246E+11
  1556.9  7332.2   961.0  44.63   5.88  .727993E+11
  1573.0  7342.2   971.0  44.72   5.91  .710499E+11
  1589.1  7352.2   981.0  44.82   5.94  .693722E+11
  1605.1  7362.2   991.0  44.91   5.97  .677620E+11
  1619.5  7371.2  1000.0  45.00   6.00  .663675E+11
Electron content ( 111-1000)
                      831.11
